4915211903465
4915213777906
4915217386101
4915213387705
4915212568847
4915219202785
4915211007332
4915212628161
4915219646686
4915211334407
4915214135075
4915217126690
4915219613264
4915215856873
4915216336592
4915219365845
4915211615169
4915219432181
4915212180793
4915219004719
4915216180304
4915216575582
4915211081099
4915215631827
4915219198686
4915214150226
4915213549113
4915219456590
4915218469333
4915214847516
4915213839595
4915210813095
4915218201306
4915210811846
4915212708896
4915210734657
4915219367137
4915210819126
4915219305930
4915213315432
4915212938438
4915211901180
4915215589588
4915217144791
4915214799502
4915217447466
4915214209810
4915210697736
4915213977363
4915213385738
4915215090575
4915212859921
4915217751672
4915215869691
4915210216101
4915217792928
4915212842018
4915216653340
4915217192272
4915219529919
4915213319826
4915212500774
4915215487299
4915215838396
4915215978317
4915217915986
4915217442582
4915218236970
4915216682819
4915219260306
4915211301832
4915210710864
4915216333934
4915217953338
4915219045587
4915219081567
4915214027548
4915217993487
4915219770568
4915211862616
4915212522910
4915219364707
4915212877102
4915212547831
4915219982175
4915218532319
4915211210945
4915210408981
4915211972364
4915218455228
4915219167834
4915214685381
4915215729071
4915212221118
4915215571492
4915218555987
4915219820864
4915215247689
4915218980622
4915213794514
4915219393187
4915215254359
4915212981114
4915214804579
4915210100250
4915213130006
4915216638812
4915217644301
4915216564464
4915213477022
4915217781976
4915219825428
4915214980494
4915217070828
4915219057418
4915215434722
4915216082742
4915215337375
4915216620708
4915212555622
4915212258490
4915216322009
4915217530088
4915211708239
4915210771377
4915211162144
4915216079875
4915217876058
4915212351047
4915219367960
4915219983178
4915215526271
4915216703267
4915212673589
4915217034559
4915213276559
4915214166447
4915213936714
4915215805484
4915214923997
4915216829356
4915215076300
4915212432981
4915218134991
4915213762890
4915210175121
4915218178548
4915213953676
4915216460496
4915212831080
4915218563583
4915210875354
4915211671376
4915212777180
4915211469510
4915214277840
4915210128894
4915218893557
4915210713696
4915212576088
4915217706243
4915213619587
4915212759601
4915213975538
4915216307414
4915218758381
4915212868204
4915216644498
4915217458620
4915217826247
4915216944627
4915210707745
4915217088932
4915215063048
4915217981170
4915214176896
4915210708361
4915215816664
4915218969475
4915210967800
4915218863680
4915217602972
4915211710134
4915215917422
4915219141689
4915212492742
4915218659799
4915215005356
4915215335603
4915218231772
4915216167249
4915212208472
4915217572672
4915215653188
4915213471884
4915216170346
4915214329761
4915219662660
4915211954373
4915216364137
4915216912527
4915217751213
4915218197397
4915218920822
4915213969953
4915216153113
4915213444381
4915216840304
4915218408470
4915210492858
4915219605634
4915218431163
4915219178573
4915213286423
4915212899858
4915213229311
4915213214164
4915213579899
4915213585668
4915215555399
4915210695238
4915213192437
4915210186046
4915217807268
4915211203682
4915212084269
4915214728300
4915212229403
4915218350928
4915210139521
4915212058808
4915218732275
4915213063815
4915211622005
4915213338884
4915211718912
4915210142353
4915213987892
4915211876225
4915217746379
4915210241630
4915216147455
4915213935172
4915216181144
4915217539073
4915219214202
4915218277303
4915210074660
4915215157300
4915214163834
4915218653467
4915219045952
4915214498072
4915218329078
4915218595617
4915213177951
4915215388406
4915216625123
4915211786697
4915211356331
4915212925929
4915216124679
4915214264642
4915219191642
4915218590270
4915210400885
4915211033313
4915215257970
4915218728511
4915210301628
4915219692625
4915218932285
4915210294638
4915218223636
4915214891792
4915218995791
4915211713712
4915215793228
4915212968483
4915215571386
4915212495343
4915217515786
4915215409938
4915212858859
4915212981291
4915212811831
4915214725106
4915216976470
4915216689009
4915212860527
4915219632792
4915215738848
4915212006585
4915210843554
4915218613193
4915219983287
4915211332160
4915211293197
4915212098268
4915215179371
4915217166798
4915218992555
4915215265908
4915211454439
4915217303342
4915215995236
4915216001054
4915215551510
4915211719181
4915212350182
4915215339804
4915213902446
4915218411983
4915211387425
4915210063352
4915219788781
4915218705273
4915214524601
4915218508983
4915217729818
4915212445798
4915219974947
4915214036227
4915216515821
4915213995005
4915213162010
4915211608155
4915216474653
4915210469577
4915212945918
4915215673784
4915215747805
4915212516499
4915213728611
4915210805235
4915213131650
4915211061248
4915214124405
4915219274767
4915218777803
4915211259041
4915214028009
4915216976459
4915218844160
4915218204736
4915217537661
4915219224648
4915212741668
4915217548069
4915212652376
4915215631532
4915215082923
4915210670861
4915211432741
4915217742674
4915218492040
4915219341438
4915210035423
4915219261194
4915219241658
4915213229387
4915212267905
4915217152058
4915214295228
4915215986080
4915215384147
4915214885104
4915212038156
4915210148445
4915217580247
4915213271081
4915219173561
4915211628789
4915210212886
4915217205261
4915213896528
4915219613673
4915215989893
4915214622412
4915210951225
4915215718051
4915217295880
4915215943149
4915218999583
4915218859981
4915217371057
4915213147415
4915219895418
4915218215399
4915218742363
4915217853762
4915218553187
4915217933924
4915210673210
4915211449001
4915218330673
4915218907760
4915210912957
4915218843818
4915216069568
4915213182744
4915219566505
4915217535864
4915216802592
4915217991333
4915218588838
4915216840031
4915219527374
4915218841666
4915213413026
4915211976518
4915212842576
4915211479468
4915217854415
4915214093567
4915212988431
4915211335632
4915215298073
4915215938036
4915212644160
4915219431283
4915219889256
4915213374276
4915213557539
4915219144958
4915211974847
4915210112063
4915216558870
4915217840478
4915218018131
4915216460392
4915218553863
4915211860497
4915213022642
4915212581061
4915212245266
4915218876202
4915213173781
4915216811936
4915216370291
4915215226436
4915216493253
4915214565883
4915217758060
4915214655472
4915213361314
4915212566330
4915218209409
4915219797694
4915213184465
4915212547246
4915214954551
4915213839847
4915212703071
4915214763512
4915214051726
4915218159496
4915218960957
4915215934702
4915214443452
4915217271852
4915217230602
4915215316792
4915210217379
4915216145109
4915215500870
4915212388001
4915212520896
4915216721490
4915211649014
4915210149265
4915212433536
4915219926264
4915213060504
4915214413665
4915215845868
4915218689788
4915217599475
4915214470063
4915215232790
4915217281429
4915214007136
4915215305368
4915215300462
4915219191734
4915216888562
4915213904488
4915217267271
4915219207867
4915215280402
4915218527590
4915216493840
4915216701229
4915212029114
4915214274925
4915215904762
4915217578339
4915210132351
4915219238342
4915219493598
4915216949087
4915216949876
4915213533580
4915213529089
4915212790945
4915217633589
4915216853972
4915214933641
4915219545413
4915216897985
4915215443712
4915217355487
4915212058642
4915210576514
4915210308883
4915215186963
4915216321239
4915216474651
4915216400208
4915216131751
4915217644173
4915218692964
4915218779005
4915216452348
4915214798451
4915219638617
4915215080286
4915217643518
4915211191410
4915218956259
4915213910253
4915219858090
4915217930758
4915218911959
4915217358258
4915215658139
4915214178000
4915214650398
4915219401570
4915210511123
4915219677561
4915218729484
4915219123485
4915217537427
4915217444317
4915213416960
4915217411521
4915218852766
4915214978291
4915215190289
4915215575089
4915210926311
4915219959964
4915216053768
4915212926550
4915218713027
4915215141283
4915217258616
4915219852968
4915215881840
4915214173554
4915213050959
4915211009630
4915217218102
4915219351956
4915211642115
4915212119133
4915212945998
4915213388467
4915215238516
4915213267812
4915212881078
4915210279212
4915210616531
4915212196512
4915210132841
4915213444477
4915215870596
4915212460333
4915218419238
4915215605691
4915219287962
4915210535947
4915216551641
4915211002377
4915216330864
4915211187891
4915211215920
4915218161629
4915219026037
4915217114272
4915219035032
4915219230687
4915216491970
4915211143512
4915214930934
4915211918926
4915212509580
4915211201350
4915212368556
4915216898157
4915219768014
4915213725807
4915217730865
4915214894503
4915215272210
4915210620546
4915215786109
4915216755116
4915215115179
4915218907949
4915211126335
4915213825316
4915218925280
4915219501755
4915210299703
4915217173794
4915210363585
4915214056690
4915214730211
4915218252950
4915215824703
4915216220669
4915213563846
4915216877841
4915216458672
4915217418488
4915211849810
4915215058030
4915212878942
4915210840602
4915215037667
4915219959418
4915212658523
4915217911948
4915214259822
4915218928798
4915211998110
4915219502531
4915211496284
4915217761818
4915211337530
4915217409935
4915210960206
4915218662450
4915210036812
4915210579957
4915211246662
4915219856474
4915216364139
4915212820449
4915216830158
4915211372817
4915218741091
4915217077009
4915219357898
4915211265472
4915217826636
4915218846729
4915219388043
4915219236255
4915219112754
4915211541676
4915216243956
4915218052732
4915213625891
4915215163836
4915216417488
4915216070157
4915219193394
4915211208788
4915218392820
4915217461790
4915218038094
4915215748045
4915210481568
4915211351713
4915217983715
4915213360531
4915219264205
4915218187522
4915211191853
4915217532003
4915216335085
4915211728039
4915217022116
4915213124991
4915212505894
4915217837686
4915215194884
4915211292428
4915217722007
4915217339969
4915214230663
4915211623253
4915213706074
4915215296171
4915219143141
4915211100722
4915213647066
4915216941704
4915218028954
4915210663102
4915210078123
4915216154045
4915214783047
4915211757459
4915215732476
4915216333922
4915211947272
4915217182962
4915212175712
4915219240027
4915219175938
4915219176927
4915219960466
4915214135385
4915219535131
4915219238809
4915212930449
4915218024325
4915219891339
4915211750449
4915217716662
4915217381848
4915217834492
4915212669050
4915212977156
4915214145966
4915219543476
4915218836782
4915217439027
4915213582181
4915210910745
4915211154293
4915212794645
4915217476227
4915216624762
4915212767502
4915213820771
4915214235244
4915210128246
4915214896585
4915210950563
4915210141450
4915213959729
4915215722258
4915219274213
4915217431940
4915219636577
4915213741807
4915215405149
4915217076486
4915217259597
4915212790544
4915211835624
4915216847195
4915210298505
4915210794321
4915215530755
4915218343583
4915215342993
4915210211393
4915219216542
4915214293298
4915218615741
4915213954910
4915210501387
4915213053574
4915213922648
4915210254964
4915212550986
4915216631224
4915211700950
4915218356707
4915219871897
4915218334518
4915216460369
4915216550917
4915214816678
4915210803211
4915216388051
4915214990501
4915219640812
4915212270066
4915210270762
4915211102461
4915214846317
4915213055536
4915219667899
4915217410761
4915214005916
4915216144526
4915210961865
4915212505160
4915214167654
4915215985066
4915210658533
4915216897229
4915218023797
4915210006472
4915218877588
4915214600073
4915210059151
4915219086850
4915212285039
4915210283710
4915215533483
4915218865078
4915211239410
4915213926327
4915211386116
4915219513259
4915218016910
4915213402857
4915214513334
4915211271122
4915211505265
4915212617218
4915215234821
4915211729559
4915212759697
4915210828004
4915214341468
4915217460582
4915213250653
4915217547053
4915214536853
4915218864421
4915214844735
4915213295952
4915210889149
4915214191282
4915217839790
4915218622273
4915212554415
4915215194768
4915219520592
4915218017182
4915216455748
4915218624293
4915215767037
4915215698566
4915212209202
4915216232285
4915213790002
4915218613192
4915218251566
4915216747734
4915216868921
4915215030567
4915210555556
4915218020335
4915218364961
4915212813973
4915213857711
4915215338815
4915211918858
4915211535481
4915216132753
4915214387442
4915217683123
4915214300262
4915211677992
4915211019244
4915211983435
4915215964378
4915211225660
4915213548721
4915216887892
4915212625210
4915218408639
4915210466094
4915211661767
4915218732859
4915219501342
4915210063400
4915219974687
4915212825026
4915211116569
4915215362699
4915211455847
4915213256952
4915211241040
4915219023729
4915218405654
4915213531638
4915213360015
4915211078545
4915210092230
4915212645462
4915216121951
4915215822175
4915217077423
4915210061406
4915214326323
4915219872530
4915211174806
4915217760039
4915218779981
4915218542984
4915217867380
4915213403917
4915210159833
4915218414690
4915216631838
4915210993592
4915219895132
4915217175150
4915211467884
4915219710937
4915211331805
4915213310300
4915219681283
4915218367250
4915213796170
4915211424633
4915219671942
4915215599964
4915210185745
4915210527033
4915213861207
4915213488714
4915212346856
4915211327561
4915212639482
4915211202390
4915213305475
4915212904798
4915215903212
4915219594835
4915211573939
4915211151963
4915213395441
4915214435815
4915216887988
4915215751688
4915217065848
4915219624827
4915213964610
4915210712479
4915212206974
4915215864494
4915210199951
4915214281985
4915216404853
4915218744331
4915210974030
4915217111115
4915218675167
4915210287364
4915216266871
4915214027324
4915215430883

