4915214209810
4915210697736
4915213977363
4915213385738
4915215090575
4915212859921
4915217751672
4915215869691
4915210216101
4915217792928
4915212842018
4915216653340
4915217192272
4915219529919
4915213319826
4915212500774
4915215487299
4915215838396
4915215978317
4915217915986
4915217442582
4915218236970
4915216682819
4915219260306
4915211301832
4915210710864
4915216333934
4915217953338
4915219045587
4915219081567
4915214027548
4915217993487
4915219770568
4915211862616
4915212522910
4915219364707
4915212877102
4915212547831
4915219982175
4915218532319
4915211210945
4915210408981
4915211972364
4915218455228
4915219167834
4915214685381
4915215729071
4915212221118
4915215571492
4915218555987
4915219820864
4915215247689
4915218980622
4915213794514
4915219393187
4915215254359
4915212981114
4915214804579
4915210100250
4915213130006
4915216638812
4915217644301
4915216564464
4915213477022
4915217781976
4915219825428
4915214980494
4915217070828
4915219057418
4915215434722
4915216082742
4915215337375
4915216620708
4915212555622
4915212258490
4915216322009
4915217530088
4915211708239
4915210771377
4915211162144
4915216079875
4915217876058
4915212351047
4915219367960
4915219983178
4915215526271
4915216703267
4915212673589
4915217034559
4915213276559
4915214166447
4915213936714
4915215805484
4915214923997
4915216829356
4915215076300